Index,Time,Difference,Hz,AveHz,Position-X,Position-Y,Position-Z
0,9.30E-06,9.30E-06,107546.2564,0,2910,2562,81
1,0.070645094,0.070635796,14.15712801,14.15526464,3333,2021,259
2,0.140188217,0.069543123,14.379567,14.26653424,3662,1614,500
3,0.20788908,0.067700863,14.77086048,14.43077241,3885,1369,720
4,0.276405096,0.068516016,14.59512765,14.47151321,3981,1241,848
5,0.343363047,0.066957951,14.93474623,14.56184656,4019,1172,963
6,0.412596941,0.069233894,14.44379244,14.54203704,4083,1165,1066
7,0.478147984,0.065551043,15.2552875,14.63981914,4092,1180,1148
8,0.547525167,0.069377184,14.41396067,14.6112005,4030,1220,1196
9,0.613305092,0.065779924,15.20220659,14.67458875,4001,1285,1288
10,0.679476261,0.066171169,15.11232174,14.71721762,3987,1244,1253
11,0.746398926,0.066922665,14.94262079,14.73742743,4009,1268,1289
12,0.812718153,0.066319227,15.07858342,14.76526635,4024,1322,1340
13,0.879816294,0.067098141,14.90354262,14.77581183,4035,1391,1362
14,0.946160078,0.066343784,15.07300209,14.79665051,4027,1454,1336
15,1.011670113,0.065510035,15.26483701,14.82696762,4019,1494,1349
16,1.087226152,0.07555604,13.23520929,14.71634946,4010,1509,1334
17,1.156575918,0.069349766,14.41965937,14.69855954,4053,1545,1348
18,1.226118088,0.06954217,14.37976419,14.68047832,4047,1546,1461
19,1.294620037,0.068501949,14.59812473,14.67612076,4061,1591,1527
20,1.364842892,0.070222855,14.24037809,14.65370126,4061,1613,1504
21,1.429503918,0.064661026,15.46526651,14.69041095,4065,1614,1443
22,1.497855186,0.068351269,14.63030633,14.68766821,4088,1623,1401
23,1.568101168,0.070245981,14.23568982,14.667421,4094,1657,1392
24,1.638385057,0.07028389,14.22801161,14.6485711,4100,1704,1395
25,1.709547043,0.071161985,14.0524466,14.62375669,4104,1735,1389
26,1.77989006,0.070343018,14.21605206,14.6076438,4110,1751,1362
27,1.847091198,0.067201138,14.88070048,14.61757818,4125,1748,1354
28,1.910939217,0.063848019,15.66219315,14.65248071,4158,1761,1347
29,1.977828026,0.066888809,14.95018392,14.66254883,4187,1800,1369
30,2.047028303,0.069200277,14.45080914,14.65539092,4214,1805,1406
31,2.111433268,0.064404964,15.52675339,14.68197005,4217,1827,1416
32,2.186056137,0.074622869,13.40071759,14.63823342,4209,1799,1475
33,2.255295277,0.06923914,14.44269825,14.63223035,4212,1786,1557
34,2.325936079,0.070640802,14.15612459,14.61777059,4223,1815,1564
35,2.39429903,0.068362951,14.62780616,14.61805713,4256,1796,1563
36,2.461683273,0.067384243,14.84026466,14.62413967,4297,1755,1629
37,2.529095173,0.0674119,14.83417626,14.6297381,4342,1736,1690
38,2.596733093,0.06763792,14.78460595,14.63377199,4321,1722,1716
39,2.669564247,0.072831154,13.73038798,14.60912583,4280,1695,1715
40,2.739385128,0.069820881,14.32236298,14.60181688,4237,1728,1725
41,2.80647397,0.067088842,14.90560821,14.60907902,4216,1750,1803
42,2.877951145,0.071477175,13.99048022,14.59371542,4184,1752,1894
43,2.948187113,0.070235968,14.23771941,14.58523437,4137,1751,1990
44,3.014130116,0.065943003,15.16461124,14.59790995,4091,1754,2091
45,3.085810184,0.071680069,13.95087943,14.58288012,4112,1722,1844
46,3.155180931,0.069370747,14.41529822,14.57919562,4118,1716,1665
47,3.22561717,0.070436239,14.19723726,14.57085498,4123,1692,1524
48,3.295196056,0.069578886,14.37217606,14.56665982,4119,1666,1402
49,3.36266017,0.067464113,14.82269539,14.57179659,4110,1637,1343
50,3.432423115,0.069762945,14.33425721,14.56696868,4092,1621,1329
51,3.502892971,0.070469856,14.19046459,14.55939431,4071,1605,1313
52,3.572825193,0.069932222,14.29955986,14.55430848,4048,1594,1319
53,3.638315916,0.065490723,15.2693383,14.56717922,4050,1579,1330
54,3.706617117,0.068301201,14.64103101,14.56854007,4051,1575,1330
55,3.777969122,0.071352005,14.01502312,14.55808616,4043,1565,1342
56,3.844168186,0.066199064,15.10595371,14.5675208,4051,1554,1357
57,3.912512064,0.068343878,14.63188851,14.56864517,4053,1548,1362
58,3.980052948,0.067540884,14.80584707,14.57267045,4072,1544,1377
59,4.05103898,0.070986032,14.08727837,14.56416497,4072,1550,1410
60,4.124174118,0.073135138,13.6733181,14.54836733,4063,1562,1407
61,4.195269108,0.07109499,14.06568878,14.54018763,4044,1558,1392
62,4.262027979,0.066758871,14.97928266,14.54706546,4020,1572,1396
63,4.329057932,0.067029953,14.91870358,14.5528198,4033,1614,1439
64,4.398002148,0.068944216,14.50448002,14.55206202,4061,1653,1519
65,4.466305971,0.068303823,14.64046885,14.55341403,4063,1642,1561
66,4.538525105,0.072219133,13.84674605,14.5421692,4115,1644,1579
67,4.60612011,0.067595005,14.79399254,14.54586472,4130,1665,1660
68,4.675729036,0.069608927,14.36597354,14.54318663,4172,1711,1482
69,4.743210077,0.067481041,14.81897709,14.54711026,4082,1778,1482
70,4.806230068,0.063019991,15.86798071,14.56442971,4114,1799,1317
71,4.87432909,0.068099022,14.68449872,14.56610719,4162,1773,1126
72,4.944510221,0.070181131,14.24884411,14.56160404,4190,1725,978
73,5.011532068,0.067021847,14.92050799,14.56640385,4294,1665,928
74,5.080436945,0.068904877,14.51276089,14.5656763,4404,1634,941
75,5.150207996,0.069771051,14.33259181,14.56251865,4369,1629,911
76,5.222820997,0.072613001,13.77163852,14.55152303,4295,1667,1015
77,5.292840242,0.070019245,14.28178778,14.54795468,4206,1782,1061
78,5.360714912,0.06787467,14.73303663,14.5502981,4015,1906,1185
79,5.42762208,0.066907167,14.94608184,14.55517699,3758,2095,1188
80,5.496587992,0.068965912,14.49991703,14.55448364,3513,2340,1369
81,5.565421104,0.068833113,14.5278916,14.55415475,3170,2549,1545
82,5.634380102,0.068958998,14.50137086,14.55350873,2961,2812,1873
83,5.702881098,0.068500996,14.59832796,14.55404708,2723,3055,2199
84,5.774435997,0.071554899,13.97528347,14.54687523,2405,3330,2373
85,5.844731092,0.070295095,14.22574354,14.54301296,2172,3555,2401
86,5.912249088,0.067517996,14.81086616,14.54607184,2160,3781,2404
87,5.982038975,0.069789886,14.32872369,14.54353614,2023,3935,2272
88,6.050683022,0.068644047,14.56790569,14.54381261,1878,4092,2146
89,6.119869232,0.069186211,14.45374723,14.5427944,1745,4234,2037
90,6.18622613,0.066356897,15.07002346,14.54844975,1648,4304,1881
91,6.253751993,0.067525864,14.80914047,14.5512646,1626,4330,1773
92,6.320264101,0.066512108,15.03485654,14.55635374,1628,4316,1691
93,6.389198065,0.068933964,14.50663715,14.55581734,1625,4302,1593
94,6.457379103,0.068181038,14.66683452,14.55698953,1648,4287,1500
95,6.529233217,0.071854115,13.91708751,14.54994742,1679,4274,1461
96,6.595601082,0.066367865,15.06753315,14.5551556,1697,4266,1446
97,6.66396904,0.068367958,14.62673492,14.55588995,1728,4270,1452
98,6.733795166,0.069826126,14.32128712,14.55345724,1770,4250,1448
99,6.806883097,0.073087931,13.68214958,14.5441017,1791,4160,1382
100,6.877095222,0.070212126,14.2425541,14.54102303,1813,4108,1551
101,6.945080042,0.067984819,14.70916609,14.54266897,1981,3982,1602
102,7.01167202,0.066591978,15.01682378,14.54717216,2076,3868,1908
103,7.079643011,0.067970991,14.71215857,14.54875618,2188,3768,1850
104,7.14992404,0.070281029,14.22859081,14.54560908,2317,3578,2139
105,7.216928005,0.067003965,14.92448983,14.54912671,2476,3380,2289
106,7.28508687,0.068158865,14.67160582,14.55027262,2760,3195,2223
107,7.351490021,0.066403151,15.05952642,14.55487251,3137,3049,2300
108,7.416614056,0.065124035,15.35531393,14.56190105,3356,2873,2249
109,7.481945992,0.065331936,15.30644985,14.56840241,3555,2607,2225
110,7.55065608,0.068710089,14.55390349,14.56827047,3817,2276,2083
111,7.615467072,0.064810991,15.42948164,14.57559976,3968,2202,1835
112,7.681951046,0.066483974,15.0412187,14.57962949,4141,2065,1597
113,7.749981165,0.068030119,14.69937162,14.5806806,4321,1979,1330
114,7.817974091,0.067992926,14.70741243,14.58178278,4484,1901,1149
115,7.885803938,0.067829847,14.74277238,14.58316754,4612,1823,1022
116,7.949939251,0.064135313,15.59203429,14.59130647,4666,1805,926
117,8.017098904,0.067159653,14.88989236,14.59380774,4697,1758,850
118,8.083429098,0.066330194,15.07609028,14.5977652,4712,1730,833
119,8.149280071,0.065850973,15.18580444,14.6025169,4718,1703,830
120,8.217317104,0.068037033,14.69787783,14.60330647,4674,1690,848
121,8.286068916,0.068751812,14.54507119,14.60282327,4626,1678,845
122,8.350780249,0.064711332,15.45324388,14.6094133,4584,1667,866
123,8.424567938,0.073787689,13.55239622,14.60015527,4534,1681,828
124,8.497490168,0.07292223,13.71323948,14.5925441,4472,1697,828
125,8.566245079,0.068754911,14.54441551,14.59215781,4428,1683,845
126,8.634738207,0.068493128,14.60000487,14.59222005,4409,1651,871
127,8.701067924,0.066329718,15.07619866,14.5959095,4409,1618,902
128,8.777987003,0.076919079,13.00067571,14.58193091,4395,1595,930
129,8.846783876,0.068796873,14.53554435,14.58157018,4393,1596,973
130,8.913255215,0.066471338,15.04407803,14.58501937,4378,1584,1000
131,8.977992296,0.064737082,15.44709734,14.59123551,4362,1567,994
132,9.049556971,0.071564674,13.97337456,14.58634941,4357,1576,1009
133,9.117131948,0.067574978,14.79837702,14.58792093,4349,1589,1010
134,9.184798956,0.067667007,14.7782507,14.58932315,4346,1596,1027
135,9.259738207,0.074939251,13.34414192,14.57924587,4347,1602,1035
136,9.329276085,0.069537878,14.38065164,14.5777656,4348,1588,1030
137,9.396893263,0.067617178,14.78914131,14.5792866,4343,1598,1048
138,9.468110085,0.071216822,14.04162635,14.57524245,4351,1594,1032
139,9.53826499,0.070154905,14.25417076,14.57288093,4348,1603,1036
140,9.609806061,0.071541071,13.97798477,14.56845217,4351,1595,1041
141,9.677688122,0.067882061,14.73143251,14.56959536,4359,1581,1029
142,9.745338202,0.06765008,14.78194858,14.57106948,4351,1588,1028
143,9.815992117,0.070653915,14.15349729,14.56806386,4354,1575,1012
144,9.884088039,0.068095922,14.6851671,14.56887064,4356,1582,1022
145,9.953423023,0.069334984,14.42273359,14.56785265,4340,1592,1024
146,10.02413893,0.070715904,14.14109048,14.56484203,4339,1584,1043
147,10.09067631,0.06653738,15.02914597,14.56790363,4348,1561,1031
148,10.16185808,0.071181774,14.04853998,14.56426559,4349,1581,1044
149,10.23221803,0.070359945,14.21263186,14.56184765,4352,1585,1053
150,10.3054409,0.073222876,13.65693428,14.555418,4356,1591,1068
151,10.3711431,0.0657022,15.22019051,14.5596294,4357,1591,1068
152,10.44369102,0.072547913,13.78399411,14.55424139,4359,1598,1075
153,10.51102996,0.067338943,14.85024784,14.55613775,4367,1593,1067
154,10.58212113,0.071091175,14.06644353,14.55284796,4357,1586,1071
155,10.65170503,0.069583893,14.37114193,14.55166094,4354,1573,1058
156,10.71892595,0.067220926,14.87631985,14.55369695,4349,1591,1064
157,10.78327107,0.064345121,15.54119378,14.55958947,4343,1583,1051
158,10.85139608,0.06812501,14.67889703,14.56033848,4354,1598,1048
159,10.91731024,0.065914154,15.17124834,14.5640269,4359,1593,1054
160,10.98447895,0.067168713,14.88788397,14.56600725,4347,1596,1050
161,11.05085731,0.066378355,15.06515188,14.56900542,4344,1590,1046
162,11.11789322,0.067035913,14.91737709,14.57110595,4337,1594,1015
163,11.19021201,0.072318792,13.82766453,14.56630132,4330,1595,1017
164,11.26195717,0.071745157,13.93822299,14.5623001,4341,1591,1032
165,11.32874703,0.066789865,14.97233139,14.56471748,4337,1585,1048
166,11.39808512,0.069338083,14.42208889,14.56384983,4346,1588,1058
167,11.467309,0.069223881,14.44588181,14.5631377,4349,1585,1065
168,11.53481698,0.067507982,14.81306309,14.5646004,4349,1582,1065
169,11.60146809,0.066651106,15.00350199,14.56712191,4338,1585,1054
170,11.66884112,0.067373037,14.84273293,14.56871323,4344,1589,1046
171,11.73506021,0.066219091,15.10138509,14.57171901,4343,1579,1032
172,11.80155897,0.066498756,15.0378752,14.57434568,4347,1587,1038
173,11.86742401,0.06586504,15.18256123,14.57772132,4355,1586,1040
174,11.93708301,0.069658995,14.35564789,14.57642541,4359,1603,964
175,12.00596714,0.068884134,14.51713098,14.5760852,4361,1593,992
176,12.0699482,0.063981056,15.62962632,14.58166987,4356,1584,991
177,12.13928604,0.069337845,14.42213848,14.58075865,4357,1585,1011